# HSTS 1.0 Known Hosts database for GNU Wget.
# Edit at your own risk.
# <hostname>	<port>	<incl. subdomains>	<created>	<max-age>
ia800302.us.archive.org	0	0	1658840158	15724800
ia600906.us.archive.org	0	0	1658840881	15724800
ia601300.us.archive.org	0	0	1658840796	15724800
ia601905.us.archive.org	0	0	1658840790	15724800
ia804506.us.archive.org	0	0	1658840977	15724800
ia800204.us.archive.org	0	0	1658840204	15724800
ia802702.us.archive.org	0	0	1658840963	15724800
www.archive.org	0	0	1658841012	15724800
ia800502.us.archive.org	0	0	1658840088	15724800
wolnelektury.pl	0	0	1666267128	31536000
ia600603.us.archive.org	0	0	1658840290	15724800
ia600302.us.archive.org	0	0	1658840180	15724800
ia902706.us.archive.org	0	0	1658840105	15724800
ia803007.us.archive.org	0	0	1658840396	15724800
ia800705.us.archive.org	0	0	1658840798	15724800
ia800303.us.archive.org	0	0	1658840677	15724800
archive.org	0	0	1658841013	15724800
ia600204.us.archive.org	0	0	1658840225	15724800
ia902608.us.archive.org	0	0	1658840035	15724800
ia903002.us.archive.org	0	0	1658840102	15724800
ia801603.us.archive.org	0	0	1658840497	15724800
ia600502.us.archive.org	0	0	1658840097	15724800
ia800801.us.archive.org	0	0	1658840031	15724800
docs.conda.io	0	0	1646902453	3600
ia800306.us.archive.org	0	0	1658841010	15724800
update.code.visualstudio.com	0	1	1718897919	31536000
ia800503.us.archive.org	0	0	1658840364	15724800
ia802501.us.archive.org	0	0	1658840808	15724800
ia902707.us.archive.org	0	0	1658840352	15724800
ia600303.us.archive.org	0	0	1658840683	15724800
ia600306.us.archive.org	0	0	1658841014	15724800
ia601603.us.archive.org	0	0	1658840486	15724800
ia800906.us.archive.org	0	0	1658840885	15724800
ia802707.us.archive.org	0	0	1658840357	15724800
ia800307.us.archive.org	0	0	1658840391	15724800
ia801905.us.archive.org	0	0	1658840780	15724800
ia801607.us.archive.org	0	0	1658840801	15724800
ia600307.us.archive.org	0	0	1658840384	15724800
ia902702.us.archive.org	0	0	1658840968	15724800
ia800603.us.archive.org	0	0	1658840296	15724800
